
Eval Config:
USE_PARALLEL         : True                          
NUM_PARALLEL_CORES   : 8                             
BREAK_ON_ERROR       : True                          
RETURN_ON_ERROR      : False                         
LOG_ON_ERROR         : /tmp/codalab/tmpOyy8fe/run/program/TrackEval/error_log.txt
PRINT_RESULTS        : True                          
PRINT_ONLY_COMBINED  : False                         
PRINT_CONFIG         : True                          
TIME_PROGRESS        : True                          
DISPLAY_LESS_PROGRESS : False                         
OUTPUT_SUMMARY       : True                          
OUTPUT_EMPTY_CLASSES : True                          
OUTPUT_DETAILED      : True                          
PLOT_CURVES          : False                         

MotChallenge2DBox Config:
PRINT_CONFIG         : True                          
GT_FOLDER            : /tmp/codalab/tmpOyy8fe/run/program/dancetrack/test
TRACKERS_FOLDER      : /tmp/codalab/tmpOyy8fe/run/input
OUTPUT_FOLDER        : /tmp/codalab/tmpOyy8fe/run/output
TRACKERS_TO_EVAL     : ['res']                       
CLASSES_TO_EVAL      : ['pedestrian']                
BENCHMARK            : MOT17                         
SPLIT_TO_EVAL        : test                          
INPUT_AS_ZIP         : False                         
DO_PREPROC           : True                          
TRACKER_SUB_FOLDER   : tracker                       
OUTPUT_SUB_FOLDER    :                               
TRACKER_DISPLAY_NAMES : None                          
SEQMAP_FOLDER        : None                          
SEQMAP_FILE          : /tmp/codalab/tmpOyy8fe/run/program/dancetrack/test_seqmap.txt
SEQ_INFO             : None                          
GT_LOC_FORMAT        : {gt_folder}/{seq}/gt/gt.txt   
SKIP_SPLIT_FOL       : True                          

CLEAR Config:
METRICS              : ['HOTA', 'CLEAR', 'Identity'] 
THRESHOLD            : 0.5                           
PRINT_CONFIG         : True                          

Identity Config:
METRICS              : ['HOTA', 'CLEAR', 'Identity'] 
THRESHOLD            : 0.5                           
PRINT_CONFIG         : True                          

Evaluating 1 tracker(s) on 35 sequence(s) for 1 class(es) on MotChallenge2DBox dataset using the following metrics: HOTA, CLEAR, Identity, Count


Evaluating res


All sequences for res finished in 5.85 seconds

HOTA: res-pedestrian               HOTA      DetA      AssA      DetRe     DetPr     AssRe     AssPr     LocA      RHOTA     HOTA(0)   LocA(0)   HOTALocA(0)
dancetrack0003                     70.913    82.878    60.765    86.905    91.467    65.548    81.453    91.303    72.668    79.021    89.824    70.98     
dancetrack0009                     47.459    81.459    27.692    86.692    88.668    36.939    49.452    89.668    48.995    55.06     87.418    48.132    
dancetrack0011                     74.824    88.856    63.024    93.099    92.974    70.171    81.377    92.839    76.58     81.477    91.901    74.878    
dancetrack0013                     61.434    86.844    43.461    94.367    90.489    54.357    58.222    94.232    63.999    66.919    93.219    62.381    
dancetrack0017                     77.204    90.015    66.23     93.741    94.27     72.106    82.375    93.864    78.775    83.363    92.888    77.434    
dancetrack0021                     64.325    83.156    49.794    90.531    89.562    58.531    69.851    92.859    67.138    73.948    88.939    65.769    
dancetrack0022                     52.342    73.836    37.112    90.648    77.955    42.943    60.542    91.413    57.977    60.216    88.914    53.541    
dancetrack0028                     37.807    75.65     18.968    82.358    84.671    28.677    31.118    87.599    39.52     46.067    83.651    38.536    
dancetrack0031                     71.29     82.167    61.896    87.501    90.752    68.682    79.825    92.101    73.585    79.473    90.242    71.718    
dancetrack0036                     56.661    74.804    42.981    85.95     81.953    52.669    59.797    89.685    60.776    69.258    84.97     58.849    
dancetrack0038                     91.55     94.424    88.771    96.835    96.968    90.832    96.121    95.911    92.708    95.621    95.18     91.012    
dancetrack0040                     93.814    93.705    93.924    96.236    96.111    96.276    96.301    94.682    95.032    99.896    94.145    94.047    
dancetrack0042                     38.68     61.749    24.325    68.967    76.693    31.509    47.548    83.708    40.956    49.521    79.254    39.248    
dancetrack0046                     47.241    64.577    34.644    71.296    79.011    41.185    57.121    84.252    49.697    62.207    78.492    48.828    
dancetrack0048                     74.91     81.012    69.271    89.258    86.212    77.464    79.895    90.55     78.576    86.74     88.272    76.567    
dancetrack0050                     52.905    76.247    36.775    81.801    85.502    43.057    60.897    87.389    54.841    64.239    84.196    54.086    
dancetrack0054                     86.057    92.201    80.322    95.804    95.33     86.476    86.476    94.713    87.695    92.658    93.537    86.67     
dancetrack0056                     77.54     85.357    70.448    93.987    88.696    75.839    84.161    93.142    81.347    85.026    91.967    78.196    
dancetrack0059                     82.584    83.993    81.221    91.333    89.409    87.64     87.353    92.341    86.095    94.05     89.652    84.318    
dancetrack0060                     89.661    88.636    90.698    95.3      91.621    94.268    94.605    94.368    92.935    96.143    93.631    90.02     
dancetrack0064                     72.452    89.867    58.417    93.549    93.263    68.908    68.886    92.472    73.888    80.004    91.419    73.139    
dancetrack0067                     84.262    89.107    79.689    93.585    93.328    85.97     85.888    93.307    86.33     93.144    91.435    85.166    
dancetrack0070                     71.497    86.232    59.336    90.989    91.982    67.295    75.213    92.302    73.474    78.613    90.816    71.393    
dancetrack0071                     87.276    86.803    87.756    92.415    93.001    92.573    93.472    95.379    90.047    98.455    91.42     90.007    
dancetrack0076                     64.137    71.719    57.416    83.371    79.295    62.002    79.685    88.167    69.173    77.568    84.691    65.693    
dancetrack0078                     93.038    92.793    93.288    95.434    95.779    95.659    96.101    94.199    94.325    99.438    93.603    93.077    
dancetrack0084                     85.618    86.192    85.062    90.814    91.422    89.642    90.902    91.674    87.853    96.055    90.273    86.711    
dancetrack0085                     39.097    66.924    22.957    73.956    81.002    29.686    48.508    85.989    41.199    49.082    80.705    39.612    
dancetrack0088                     56.656    71.33     45.041    80.701    82.981    55.987    62.85     89.941    60.28     70.226    84.58     59.398    
dancetrack0089                     55.673    73.598    42.278    83.894    83.173    53.696    59.703    90.992    59.543    63.055    88.076    55.537    
dancetrack0091                     68.712    73.814    63.969    82.649    85.679    73.949    76.265    92.202    72.68     85.546    85.767    73.37     
dancetrack0092                     70.643    85.231    58.581    92.08     90.356    67.563    70.546    93.21     73.438    77.605    91.736    71.192    
dancetrack0093                     52.771    68.748    40.653    80.695    78.804    51.399    56.437    88.868    57.266    64.533    83.521    53.899    
dancetrack0095                     59.019    64.615    54.223    69.21     85.481    61.877    69.645    88.149    61.228    68.312    84.684    57.85     
dancetrack0100                     62.868    76.102    52.032    81.318    87.768    60.093    69.154    89.337    65.042    73.335    86.611    63.516    
COMBINED                           67.641    79.443    57.777    86.402    87.807    64.781    72.79     90.88     70.649    76.862    88.113    67.726    

CLEAR: res-pedestrian              MOTA      MOTP      MODA      CLR_Re    CLR_Pr    MTR       PTR       MLR       sMOTA     CLR_TP    CLR_FN    CLR_FP    IDSW      MT        PT        ML        Frag      
dancetrack0003                     93.202    90.11     93.46     94.236    99.183    91.667    8.3333    0         83.882    12753     780       105       35        11        1         0         135       
dancetrack0009                     93.657    88.276    94.446    96.109    98.299    100       0         0         82.389    9015      365       156       74        8         0         0         138       
dancetrack0011                     97.07     92.073    97.264    98.699    98.567    100       0         0         89.246    6602      87        96        13        6         0         0         37        
dancetrack0013                     92.92     93.507    93.246    98.766    94.707    100       0         0         86.508    4241      53        237       14        4         0         0         44        
dancetrack0017                     97.699    93.027    97.79     98.614    99.171    100       0         0         90.823    10888     153       91        10        7         0         0         71        
dancetrack0021                     96.79     92.136    97.211    99.146    98.085    100       0         0         88.993    8246      71        161       35        7         0         0         50        
dancetrack0022                     80.74     90.339    82.103    99.193    85.303    100       0         0         71.157    5897      48        1016      81        5         0         0         37        
dancetrack0028                     91.297    86.434    92.44     94.854    97.518    100       0         0         78.429    10452     567       266       126       9         0         0         183       
dancetrack0031                     90.483    91.136    90.941    93.679    97.16     88.889    11.111    0         82.18     9204      621       269       45        8         1         0         137       
dancetrack0036                     89.815    88.907    90.877    97.877    93.326    100       0         0         78.958    8851      192       633       96        8         0         0         122       
dancetrack0038                     98.659    95.636    98.762    99.312    99.449    100       0         0         94.325    5778      40        32        6         5         0         0         22        
dancetrack0040                     99.749    94.163    99.766    99.948    99.818    100       0         0         93.915    11541     6         21        2         9         0         0         5         
dancetrack0042                     76.115    80.966    77.451    83.689    93.064    66.667    33.333    0         60.186    5890      1148      439       94        6         3         0         194       
dancetrack0046                     78.016    82.356    79.542    84.889    94.075    64.706    35.294    0         63.038    13797     2456      869       248       11        6         0         594       
dancetrack0048                     93.509    89.515    93.744    98.639    95.272    100       0         0         83.166    7537      104       374       18        7         0         0         56        
dancetrack0050                     90.374    85.351    90.929    93.3      97.521    88.889    11.111    0         76.706    9915      712       252       59        8         1         0         195       
dancetrack0054                     97.888    94.578    97.936    99.217    98.725    100       0         0         92.509    4182      33        54        2         5         0         0         7         
dancetrack0056                     92.951    92.3      93.301    99.633    94.024    100       0         0         85.279    5979      22        380       21        5         0         0         17        
dancetrack0059                     95.633    91.291    95.854    99.003    96.918    100       0         0         87.011    6257      63        199       14        6         0         0         34        
dancetrack0060                     94.495    93.726    94.603    99.309    95.475    100       0         0         88.264    4600      32        218       5         4         0         0         16        
dancetrack0064                     98.92     91.623    99.08     99.693    99.388    100       0         0         90.568    7475      23        46        12        5         0         0         18        
dancetrack0067                     98.637    92.863    98.783    99.53     99.256    100       0         0         91.534    6135      29        46        9         6         0         0         16        
dancetrack0070                     94.895    91.616    95.278    97.099    98.159    100       0         0         86.754    11145     333       209       44        9         0         0         87        
dancetrack0071                     96.418    95.234    96.849    98.109    98.732    100       0         0         91.742    2958      57        38        13        5         0         0         20        
dancetrack0076                     83.203    86.671    83.927    94.534    89.912    100       0         0         70.602    6658      385       747       51        6         0         0         101       
dancetrack0078                     98.559    93.068    98.753    99.196    99.555    100       0         0         91.683    7160      58        32        14        6         0         0         17        
dancetrack0084                     96.048    90.63     96.322    97.829    98.483    100       0         0         86.881    16039     356       247       45        14        0         0         148       
dancetrack0085                     80.551    84.302    82.096    86.698    94.959    73.333    26.667    0         66.941    14033     2153      745       250       11        4         0         489       
dancetrack0088                     81.748    89.497    83.379    90.316    92.867    76.923    23.077    0         72.262    5260      564       404       95        10        3         0         108       
dancetrack0089                     80.413    89.869    81.609    91.238    90.454    84.615    15.385    0         71.17     6102      586       644       80        11        2         0         169       
dancetrack0091                     91.958    92.208    92.626    94.545    98.011    100       0         0         84.591    4385      253       89        31        4         0         0         65        
dancetrack0092                     93.081    92.275    93.438    97.673    95.844    100       0         0         85.536    7934      189       344       29        7         0         0         81        
dancetrack0093                     77.012    88.299    78.428    90.414    88.295    100       0         0         66.433    6706      711       889       105       14        0         0         134       
dancetrack0095                     73.316    86.457    75.171    78.068    96.422    50        45.833    4.1667    62.743    5471      1537      203       130       12        11        1         227       
dancetrack0100                     86.907    87.348    87.701    90.176    97.329    83.333    16.667    0         75.498    4773      520       131       42        5         1         0         75        
COMBINED                           90.339    89.762    91.012    94.707    96.246    88.591    11.074    0.33557   80.643    273859    15307     10682     1948      264       33        1         3849      

Identity: res-pedestrian           IDF1      IDR       IDP       IDTP      IDFN      IDFP      
dancetrack0003                     76.177    74.278    78.177    10052     3481      2806      
dancetrack0009                     49.27     48.721    49.831    4570      4810      4601      
dancetrack0011                     80.197    80.251    80.143    5368      1321      1330      
dancetrack0013                     65.663    67.07     64.314    2880      1414      1598      
dancetrack0017                     80.454    80.228    80.681    8858      2183      2121      
dancetrack0021                     66.133    66.49     65.779    5530      2787      2877      
dancetrack0022                     50.521    54.634    46.984    3248      2697      3665      
dancetrack0028                     43.447    42.853    44.057    4722      6297      5996      
dancetrack0031                     79.594    78.168    81.073    7680      2145      1793      
dancetrack0036                     62.514    64.038    61.061    5791      3252      3693      
dancetrack0038                     95.356    95.29     95.422    5544      274       266       
dancetrack0040                     99.875    99.939    99.81     11540     7         22        
dancetrack0042                     46.503    44.16     49.107    3108      3930      3221      
dancetrack0046                     56.386    53.633    59.437    8717      7536      5949      
dancetrack0048                     86.574    88.104    85.097    6732      909       1179      
dancetrack0050                     57.872    56.62     59.182    6017      4610      4150      
dancetrack0054                     92.249    92.479    92.021    3898      317       338       
dancetrack0056                     78.835    81.186    76.616    4872      1129      1487      
dancetrack0059                     93.175    94.177    92.193    5952      368       504       
dancetrack0060                     96.614    98.554    94.749    4565      67        253       
dancetrack0064                     79.965    80.088    79.843    6005      1493      1516      
dancetrack0067                     92.556    92.683    92.428    5713      451       468       
dancetrack0070                     74.588    74.185    74.996    8515      2963      2839      
dancetrack0071                     93.495    93.201    93.792    2810      205       186       
dancetrack0076                     69.934    71.731    68.224    5052      1991      2353      
dancetrack0078                     99.611    99.432    99.791    7177      41        15        
dancetrack0084                     96.796    96.475    97.12     15817     578       469       
dancetrack0085                     41.603    39.794    43.585    6441      9745      8337      
dancetrack0088                     64.868    63.977    65.784    3726      2098      1938      
dancetrack0089                     63.778    64.055    63.504    4284      2404      2462      
dancetrack0091                     79.939    78.525    81.404    3642      996       832       
dancetrack0092                     76.422    77.151    75.707    6267      1856      2011      
dancetrack0093                     59.686    60.402    58.986    4480      2937      3115      
dancetrack0095                     66.914    60.545    74.78     4243      2765      1431      
dancetrack0100                     75.983    73.191    78.997    3874      1419      1030      
COMBINED                           72.403    71.824    72.991    207690    81476     76851     

Count: res-pedestrian              Dets      GT_Dets   IDs       GT_IDs    
dancetrack0003                     12858     13533     23        12        
dancetrack0009                     9171      9380      15        8         
dancetrack0011                     6698      6689      10        6         
dancetrack0013                     4478      4294      8         4         
dancetrack0017                     10979     11041     12        7         
dancetrack0021                     8407      8317      14        7         
dancetrack0022                     6913      5945      17        5         
dancetrack0028                     10718     11019     13        9         
dancetrack0031                     9473      9825      14        9         
dancetrack0036                     9484      9043      15        8         
dancetrack0038                     5810      5818      7         5         
dancetrack0040                     11562     11547     13        9         
dancetrack0042                     6329      7038      23        9         
dancetrack0046                     14666     16253     33        17        
dancetrack0048                     7911      7641      12        7         
dancetrack0050                     10167     10627     18        9         
dancetrack0054                     4236      4215      8         5         
dancetrack0056                     6359      6001      15        5         
dancetrack0059                     6456      6320      11        6         
dancetrack0060                     4818      4632      7         4         
dancetrack0064                     7521      7498      9         5         
dancetrack0067                     6181      6164      10        6         
dancetrack0070                     11354     11478     15        9         
dancetrack0071                     2996      3015      6         5         
dancetrack0076                     7405      7043      19        6         
dancetrack0078                     7192      7218      9         6         
dancetrack0084                     16286     16395     19        14        
dancetrack0085                     14778     16186     32        15        
dancetrack0088                     5664      5824      23        13        
dancetrack0089                     6746      6688      20        13        
dancetrack0091                     4474      4638      7         4         
dancetrack0092                     8278      8123      15        7         
dancetrack0093                     7595      7417      22        14        
dancetrack0095                     5674      7008      31        24        
dancetrack0100                     4904      5293      10        6         
COMBINED                           284541    289166    535       298       
