
Eval Config:
USE_PARALLEL         : True                          
NUM_PARALLEL_CORES   : 8                             
BREAK_ON_ERROR       : True                          
RETURN_ON_ERROR      : False                         
LOG_ON_ERROR         : /tmp/codalab/tmp0gSQy2/run/program/TrackEval/error_log.txt
PRINT_RESULTS        : True                          
PRINT_ONLY_COMBINED  : False                         
PRINT_CONFIG         : True                          
TIME_PROGRESS        : True                          
DISPLAY_LESS_PROGRESS : False                         
OUTPUT_SUMMARY       : True                          
OUTPUT_EMPTY_CLASSES : True                          
OUTPUT_DETAILED      : True                          
PLOT_CURVES          : False                         

MotChallenge2DBox Config:
PRINT_CONFIG         : True                          
GT_FOLDER            : /tmp/codalab/tmp0gSQy2/run/program/dancetrack/test
TRACKERS_FOLDER      : /tmp/codalab/tmp0gSQy2/run/input
OUTPUT_FOLDER        : /tmp/codalab/tmp0gSQy2/run/output
TRACKERS_TO_EVAL     : ['res']                       
CLASSES_TO_EVAL      : ['pedestrian']                
BENCHMARK            : MOT17                         
SPLIT_TO_EVAL        : test                          
INPUT_AS_ZIP         : False                         
DO_PREPROC           : True                          
TRACKER_SUB_FOLDER   : tracker                       
OUTPUT_SUB_FOLDER    :                               
TRACKER_DISPLAY_NAMES : None                          
SEQMAP_FOLDER        : None                          
SEQMAP_FILE          : /tmp/codalab/tmp0gSQy2/run/program/dancetrack/test_seqmap.txt
SEQ_INFO             : None                          
GT_LOC_FORMAT        : {gt_folder}/{seq}/gt/gt.txt   
SKIP_SPLIT_FOL       : True                          

CLEAR Config:
METRICS              : ['HOTA', 'CLEAR', 'Identity'] 
THRESHOLD            : 0.5                           
PRINT_CONFIG         : True                          

Identity Config:
METRICS              : ['HOTA', 'CLEAR', 'Identity'] 
THRESHOLD            : 0.5                           
PRINT_CONFIG         : True                          

Evaluating 1 tracker(s) on 35 sequence(s) for 1 class(es) on MotChallenge2DBox dataset using the following metrics: HOTA, CLEAR, Identity, Count


Evaluating res


All sequences for res finished in 5.84 seconds

HOTA: res-pedestrian               HOTA      DetA      AssA      DetRe     DetPr     AssRe     AssPr     LocA      RHOTA     HOTA(0)   LocA(0)   HOTALocA(0)
dancetrack0003                     73.92     81.83     66.829    86.28     90.81     73.533    77.586    91.067    75.925    83.46     89.199    74.445    
dancetrack0009                     45.041    81.55     24.912    86.738    88.714    36.955    37.898    89.664    46.481    52.24     87.465    45.692    
dancetrack0011                     78.151    88.856    68.746    93.099    92.974    77.549    77.422    92.839    79.974    85.258    91.901    78.353    
dancetrack0013                     61.283    86.739    43.3      94.296    90.421    55.707    54.215    94.185    63.855    66.811    93.151    62.235    
dancetrack0017                     79.068    90.015    69.462    93.741    94.27     75.493    82.33     93.864    80.665    85.514    92.888    79.432    
dancetrack0021                     64.32     83.145    49.793    90.525    89.556    58.548    69.793    92.86     67.135    73.962    88.933    65.777    
dancetrack0022                     52.046    73.938    36.643    90.718    78.015    42.915    58.927    91.422    57.633    59.789    88.982    53.202    
dancetrack0028                     37.78     75.418    18.997    82.211    84.519    28.658    31.102    87.551    39.516    46.196    83.494    38.571    
dancetrack0031                     70.052    82.104    59.811    87.466    90.717    68.733    73.114    92.113    72.322    78.146    90.247    70.524    
dancetrack0036                     57.201    74.739    43.835    85.905    81.91     53.831    59.552    89.671    61.36     70.049    84.918    59.484    
dancetrack0038                     93.425    94.165    92.691    96.699    96.832    95.643    95.772    95.912    94.656    98.322    95.148    93.551    
dancetrack0040                     93.814    93.705    93.924    96.236    96.111    96.276    96.301    94.682    95.032    99.896    94.145    94.047    
dancetrack0042                     38.584    61.734    24.204    68.956    76.681    33.223    42.28     83.704    40.851    49.455    79.241    39.189    
dancetrack0046                     45.287    64.363    31.947    71.149    78.848    41.937    45.873    84.213    47.674    59.818    78.359    46.873    
dancetrack0048                     74.149    80.97     67.908    89.229    86.184    77.535    75.413    90.535    77.788    85.904    88.245    75.806    
dancetrack0050                     51.358    75.971    34.781    81.62     85.313    44.076    48.532    87.319    53.274    62.614    84.014    52.605    
dancetrack0054                     86.057    92.201    80.322    95.804    95.33     86.476    86.476    94.713    87.695    92.658    93.537    86.67     
dancetrack0056                     77.505    85.343    70.397    93.979    88.688    75.84     83.929    93.141    81.314    84.997    91.961    78.164    
dancetrack0059                     82.584    83.993    81.221    91.333    89.409    87.64     87.353    92.341    86.095    94.05     89.652    84.318    
dancetrack0060                     89.661    88.636    90.698    95.3      91.621    94.268    94.605    94.368    92.935    96.143    93.631    90.02     
dancetrack0064                     72.452    89.867    58.417    93.549    93.263    68.908    68.886    92.472    73.888    80.004    91.419    73.139    
dancetrack0067                     84.25     89.107    79.667    93.585    93.328    85.97     85.866    93.307    86.318    93.129    91.435    85.153    
dancetrack0070                     72.004    86.216    60.178    90.979    91.973    68.452    73.377    92.297    73.987    79.546    90.806    72.232    
dancetrack0071                     87.281    86.803    87.767    92.415    93.001    92.601    93.466    95.379    90.053    98.487    91.42     90.037    
dancetrack0076                     63.449    71.71     56.198    83.365    79.289    62.018    77.253    88.167    68.433    76.773    84.684    65.014    
dancetrack0078                     93.038    92.793    93.288    95.434    95.779    95.659    96.101    94.199    94.325    99.438    93.603    93.077    
dancetrack0084                     85.784    86.192    85.39     90.814    91.422    90.093    90.824    91.674    88.019    96.279    90.273    86.914    
dancetrack0085                     37.395    65.47     21.446    72.924    79.872    31.075    36.704    85.646    39.544    47.962    79.691    38.221    
dancetrack0088                     55.436    70.898    43.384    80.421    82.693    57.336    57.517    89.922    59.058    69.084    84.342    58.267    
dancetrack0089                     54.988    73.492    41.293    83.816    83.096    53.742    55.197    90.957    58.82     62.435    88.012    54.951    
dancetrack0091                     68.712    73.814    63.969    82.649    85.679    73.949    76.265    92.202    72.68     85.546    85.767    73.37     
dancetrack0092                     70.651    85.232    58.593    92.081    90.357    67.583    70.416    93.211    73.445    77.618    91.736    71.204    
dancetrack0093                     52.742    68.796    40.578    80.728    78.836    52.446    54.788    88.87     57.225    64.474    83.542    53.863    
dancetrack0095                     58.496    64.636    53.243    69.228    85.504    62.364    63.307    88.167    60.682    67.772    84.697    57.401    
dancetrack0100                     63.921    75.493    54.201    80.956    87.378    63.766    67.715    89.287    66.234    75.35     86.269    65.004    
COMBINED                           67.677    79.241    57.981    86.277    87.679    66.056    69.504    90.846    70.722    77.037    87.999    67.791    

CLEAR: res-pedestrian              MOTA      MOTP      MODA      CLR_Re    CLR_Pr    MTR       PTR       MLR       sMOTA     CLR_TP    CLR_FN    CLR_FP    IDSW      MT        PT        ML        Frag      
dancetrack0003                     93.254    90.11     93.46     94.236    99.183    91.667    8.3333    0         83.933    12753     780       105       28        11        1         0         135       
dancetrack0009                     93.657    88.276    94.446    96.109    98.299    100       0         0         82.389    9015      365       156       74        8         0         0         138       
dancetrack0011                     97.085    92.073    97.264    98.699    98.567    100       0         0         89.261    6602      87        96        12        6         0         0         37        
dancetrack0013                     92.92     93.507    93.246    98.766    94.707    100       0         0         86.508    4241      53        237       14        4         0         0         44        
dancetrack0017                     97.709    93.027    97.79     98.614    99.171    100       0         0         90.832    10888     153       91        9         7         0         0         71        
dancetrack0021                     96.79     92.136    97.211    99.146    98.085    100       0         0         88.993    8246      71        161       35        7         0         0         50        
dancetrack0022                     80.74     90.339    82.103    99.193    85.303    100       0         0         71.157    5897      48        1016      81        5         0         0         37        
dancetrack0028                     91.279    86.434    92.44     94.854    97.518    100       0         0         78.411    10452     567       266       128       9         0         0         183       
dancetrack0031                     90.483    91.136    90.941    93.679    97.16     88.889    11.111    0         82.18     9204      621       269       45        8         1         0         137       
dancetrack0036                     89.815    88.907    90.877    97.877    93.326    100       0         0         78.958    8851      192       633       96        8         0         0         122       
dancetrack0038                     98.694    95.636    98.762    99.312    99.449    100       0         0         94.36     5778      40        32        4         5         0         0         22        
dancetrack0040                     99.749    94.163    99.766    99.948    99.818    100       0         0         93.915    11541     6         21        2         9         0         0         5         
dancetrack0042                     76.158    80.966    77.451    83.689    93.064    66.667    33.333    0         60.229    5890      1148      439       91        6         3         0         194       
dancetrack0046                     78.016    82.356    79.542    84.889    94.075    64.706    35.294    0         63.038    13797     2456      869       248       11        6         0         594       
dancetrack0048                     93.535    89.515    93.744    98.639    95.272    100       0         0         83.193    7537      104       374       16        7         0         0         56        
dancetrack0050                     90.374    85.351    90.929    93.3      97.521    88.889    11.111    0         76.706    9915      712       252       59        8         1         0         195       
dancetrack0054                     97.888    94.578    97.936    99.217    98.725    100       0         0         92.509    4182      33        54        2         5         0         0         7         
dancetrack0056                     92.951    92.3      93.301    99.633    94.024    100       0         0         85.279    5979      22        380       21        5         0         0         17        
dancetrack0059                     95.633    91.291    95.854    99.003    96.918    100       0         0         87.011    6257      63        199       14        6         0         0         34        
dancetrack0060                     94.495    93.726    94.603    99.309    95.475    100       0         0         88.264    4600      32        218       5         4         0         0         16        
dancetrack0064                     98.92     91.623    99.08     99.693    99.388    100       0         0         90.568    7475      23        46        12        5         0         0         18        
dancetrack0067                     98.637    92.863    98.783    99.53     99.256    100       0         0         91.534    6135      29        46        9         6         0         0         16        
dancetrack0070                     94.912    91.616    95.278    97.099    98.159    100       0         0         86.772    11145     333       209       42        9         0         0         87        
dancetrack0071                     96.484    95.234    96.849    98.109    98.732    100       0         0         91.808    2958      57        38        11        5         0         0         20        
dancetrack0076                     83.232    86.668    83.927    94.534    89.912    100       0         0         70.629    6658      385       747       49        6         0         0         101       
dancetrack0078                     98.559    93.068    98.753    99.196    99.555    100       0         0         91.683    7160      58        32        14        6         0         0         17        
dancetrack0084                     96.048    90.63     96.322    97.829    98.483    100       0         0         86.881    16039     356       247       45        14        0         0         148       
dancetrack0085                     80.545    84.302    82.096    86.698    94.959    73.333    26.667    0         66.935    14033     2153      745       251       11        4         0         489       
dancetrack0088                     81.731    89.497    83.345    90.299    92.85     76.923    23.077    0         72.247    5259      565       405       94        10        3         0         107       
dancetrack0089                     80.428    89.869    81.609    91.238    90.454    84.615    15.385    0         71.185    6102      586       644       79        11        2         0         169       
dancetrack0091                     91.958    92.208    92.626    94.545    98.011    100       0         0         84.591    4385      253       89        31        4         0         0         65        
dancetrack0092                     93.081    92.275    93.438    97.673    95.844    100       0         0         85.536    7934      189       344       29        7         0         0         81        
dancetrack0093                     76.945    88.299    78.428    90.414    88.295    100       0         0         66.365    6706      711       889       110       14        0         0         134       
dancetrack0095                     73.288    86.457    75.171    78.068    96.422    50        45.833    4.1667    62.715    5471      1537      203       132       12        11        1         227       
dancetrack0100                     86.945    87.348    87.701    90.176    97.329    83.333    16.667    0         75.536    4773      520       131       40        5         1         0         75        
COMBINED                           90.344    89.762    91.012    94.706    96.246    88.591    11.074    0.33557   80.647    273858    15308     10683     1932      264       33        1         3848      

Identity: res-pedestrian           IDF1      IDR       IDP       IDTP      IDFN      IDFP      
dancetrack0003                     83.71     81.623    85.908    11046     2487      1812      
dancetrack0009                     48.731    48.188    49.286    4520      4860      4651      
dancetrack0011                     87.787    87.846    87.728    5876      813       822       
dancetrack0013                     65.663    67.07     64.314    2880      1414      1598      
dancetrack0017                     82.698    82.465    82.931    9105      1936      1874      
dancetrack0021                     66.144    66.502    65.79     5531      2786      2876      
dancetrack0022                     50.646    54.769    47.1      3256      2689      3657      
dancetrack0028                     43.539    42.944    44.15     4732      6287      5986      
dancetrack0031                     79.594    78.168    81.073    7680      2145      1793      
dancetrack0036                     63.345    64.89     61.873    5868      3175      3616      
dancetrack0038                     98.228    98.161    98.296    5711      107       99        
dancetrack0040                     99.875    99.939    99.81     11540     7         22        
dancetrack0042                     48.044    45.624    50.735    3211      3827      3118      
dancetrack0046                     56.612    53.849    59.675    8752      7501      5914      
dancetrack0048                     86.626    88.156    85.147    6736      905       1175      
dancetrack0050                     57.969    56.714    59.28     6027      4600      4140      
dancetrack0054                     92.249    92.479    92.021    3898      317       338       
dancetrack0056                     78.835    81.186    76.616    4872      1129      1487      
dancetrack0059                     93.175    94.177    92.193    5952      368       504       
dancetrack0060                     96.614    98.554    94.749    4565      67        253       
dancetrack0064                     79.965    80.088    79.843    6005      1493      1516      
dancetrack0067                     92.556    92.683    92.428    5713      451       468       
dancetrack0070                     75.429    75.022    75.841    8611      2867      2743      
dancetrack0071                     93.495    93.201    93.792    2810      205       186       
dancetrack0076                     69.947    71.745    68.238    5053      1990      2352      
dancetrack0078                     99.611    99.432    99.791    7177      41        15        
dancetrack0084                     97.072    96.749    97.397    15862     533       424       
dancetrack0085                     41.842    40.022    43.835    6478      9708      8300      
dancetrack0088                     61.56     60.714    62.429    3536      2288      2128      
dancetrack0089                     63.778    64.055    63.504    4284      2404      2462      
dancetrack0091                     79.939    78.525    81.404    3642      996       832       
dancetrack0092                     76.447    77.176    75.731    6269      1854      2009      
dancetrack0093                     59.406    60.119    58.71     4459      2958      3136      
dancetrack0095                     66.898    60.531    74.762    4242      2766      1432      
dancetrack0100                     79.533    76.611    82.688    4055      1238      849       
COMBINED                           73.192    72.607    73.787    209954    79212     74587     

Count: res-pedestrian              Dets      GT_Dets   IDs       GT_IDs    
dancetrack0003                     12858     13533     13        12        
dancetrack0009                     9171      9380      12        8         
dancetrack0011                     6698      6689      8         6         
dancetrack0013                     4478      4294      6         4         
dancetrack0017                     10979     11041     10        7         
dancetrack0021                     8407      8317      13        7         
dancetrack0022                     6913      5945      13        5         
dancetrack0028                     10718     11019     12        9         
dancetrack0031                     9473      9825      12        9         
dancetrack0036                     9484      9043      13        8         
dancetrack0038                     5810      5818      5         5         
dancetrack0040                     11562     11547     13        9         
dancetrack0042                     6329      7038      14        9         
dancetrack0046                     14666     16253     19        17        
dancetrack0048                     7911      7641      10        7         
dancetrack0050                     10167     10627     11        9         
dancetrack0054                     4236      4215      8         5         
dancetrack0056                     6359      6001      12        5         
dancetrack0059                     6456      6320      10        6         
dancetrack0060                     4818      4632      7         4         
dancetrack0064                     7521      7498      9         5         
dancetrack0067                     6181      6164      9         6         
dancetrack0070                     11354     11478     11        9         
dancetrack0071                     2996      3015      6         5         
dancetrack0076                     7405      7043      15        6         
dancetrack0078                     7192      7218      9         6         
dancetrack0084                     16286     16395     17        14        
dancetrack0085                     14778     16186     20        15        
dancetrack0088                     5664      5824      15        13        
dancetrack0089                     6746      6688      16        13        
dancetrack0091                     4474      4638      7         4         
dancetrack0092                     8278      8123      11        7         
dancetrack0093                     7595      7417      18        14        
dancetrack0095                     5674      7008      19        24        
dancetrack0100                     4904      5293      9         6         
COMBINED                           284541    289166    412       298       
