
Eval Config:
USE_PARALLEL         : True                          
NUM_PARALLEL_CORES   : 8                             
BREAK_ON_ERROR       : True                          
RETURN_ON_ERROR      : False                         
LOG_ON_ERROR         : /tmp/codalab/tmpIagyDb/run/program/TrackEval/error_log.txt
PRINT_RESULTS        : True                          
PRINT_ONLY_COMBINED  : False                         
PRINT_CONFIG         : True                          
TIME_PROGRESS        : True                          
DISPLAY_LESS_PROGRESS : False                         
OUTPUT_SUMMARY       : True                          
OUTPUT_EMPTY_CLASSES : True                          
OUTPUT_DETAILED      : True                          
PLOT_CURVES          : False                         

MotChallenge2DBox Config:
PRINT_CONFIG         : True                          
GT_FOLDER            : /tmp/codalab/tmpIagyDb/run/program/dancetrack/test
TRACKERS_FOLDER      : /tmp/codalab/tmpIagyDb/run/input
OUTPUT_FOLDER        : /tmp/codalab/tmpIagyDb/run/output
TRACKERS_TO_EVAL     : ['res']                       
CLASSES_TO_EVAL      : ['pedestrian']                
BENCHMARK            : MOT17                         
SPLIT_TO_EVAL        : test                          
INPUT_AS_ZIP         : False                         
DO_PREPROC           : True                          
TRACKER_SUB_FOLDER   : tracker                       
OUTPUT_SUB_FOLDER    :                               
TRACKER_DISPLAY_NAMES : None                          
SEQMAP_FOLDER        : None                          
SEQMAP_FILE          : /tmp/codalab/tmpIagyDb/run/program/dancetrack/test_seqmap.txt
SEQ_INFO             : None                          
GT_LOC_FORMAT        : {gt_folder}/{seq}/gt/gt.txt   
SKIP_SPLIT_FOL       : True                          

CLEAR Config:
METRICS              : ['HOTA', 'CLEAR', 'Identity'] 
THRESHOLD            : 0.5                           
PRINT_CONFIG         : True                          

Identity Config:
METRICS              : ['HOTA', 'CLEAR', 'Identity'] 
THRESHOLD            : 0.5                           
PRINT_CONFIG         : True                          

Evaluating 1 tracker(s) on 35 sequence(s) for 1 class(es) on MotChallenge2DBox dataset using the following metrics: HOTA, CLEAR, Identity, Count


Evaluating res


All sequences for res finished in 6.23 seconds

HOTA: res-pedestrian               HOTA      DetA      AssA      DetRe     DetPr     AssRe     AssPr     LocA      RHOTA     HOTA(0)   LocA(0)   HOTALocA(0)
dancetrack0003                     70.678    82.878    60.372    86.905    91.467    64.924    81.71     91.303    72.433    78.632    89.824    70.63     
dancetrack0009                     47.459    81.459    27.692    86.692    88.668    36.939    49.458    89.668    48.995    55.06     87.418    48.132    
dancetrack0011                     74.824    88.856    63.024    93.099    92.974    70.171    81.377    92.839    76.58     81.477    91.901    74.878    
dancetrack0013                     61.434    86.844    43.461    94.367    90.489    54.357    58.222    94.232    63.999    66.919    93.219    62.381    
dancetrack0017                     77.204    90.015    66.23     93.741    94.27     72.106    82.375    93.864    78.775    83.363    92.888    77.434    
dancetrack0021                     64.321    83.184    49.772    90.531    89.594    58.531    69.775    92.858    67.123    73.948    88.939    65.768    
dancetrack0022                     52.339    73.836    37.107    90.647    77.954    42.928    60.586    91.411    57.973    60.212    88.914    53.537    
dancetrack0028                     38.066    75.349    19.303    82.14     84.502    28.628    33.017    87.544    39.816    46.585    83.471    38.885    
dancetrack0031                     71.292    82.17     61.896    87.498    90.759    68.684    79.727    92.103    73.584    79.472    90.249    71.722    
dancetrack0036                     57.141    74.9      43.657    85.838    82.168    52.716    62.777    89.68     61.213    69.818    84.964    59.32     
dancetrack0038                     91.55     94.424    88.771    96.835    96.968    90.832    96.121    95.911    92.708    95.621    95.18     91.012    
dancetrack0040                     93.814    93.705    93.924    96.236    96.111    96.276    96.301    94.682    95.032    99.896    94.145    94.047    
dancetrack0042                     38.666    61.787    24.294    68.981    76.733    31.5      47.474    83.71     40.934    49.491    79.27     39.231    
dancetrack0046                     44.374    59.317    33.266    65.157    78.712    40.053    54.501    84.129    46.554    58.752    78.003    45.828    
dancetrack0048                     74.91     81.012    69.271    89.258    86.212    77.464    79.895    90.55     78.576    86.74     88.272    76.567    
dancetrack0050                     50.767    72.98     35.372    78.141    85.406    42.57     54.785    87.342    52.567    61.719    84.069    51.886    
dancetrack0054                     86.057    92.201    80.322    95.804    95.33     86.476    86.476    94.713    87.695    92.658    93.537    86.67     
dancetrack0056                     77.644    85.542    70.484    94.067    88.841    75.841    84.503    93.189    81.401    85.065    92.043    78.296    
dancetrack0059                     82.584    83.993    81.221    91.333    89.409    87.64     87.353    92.341    86.095    94.05     89.652    84.318    
dancetrack0060                     84.556    88.636    80.664    95.3      91.621    83.636    94.652    94.368    87.645    90.668    93.631    84.894    
dancetrack0064                     72.452    89.867    58.417    93.549    93.263    68.908    68.886    92.472    73.888    80.004    91.419    73.139    
dancetrack0067                     84.329    89.107    79.815    93.585    93.328    85.97     86.021    93.307    86.398    93.232    91.435    85.247    
dancetrack0070                     71.497    86.232    59.336    90.989    91.982    67.295    75.213    92.302    73.474    78.613    90.816    71.393    
dancetrack0071                     87.276    86.803    87.756    92.415    93.001    92.573    93.477    95.379    90.047    98.455    91.42     90.007    
dancetrack0076                     64.263    72.016    57.404    83.379    79.647    61.996    79.656    88.166    69.169    77.725    84.699    65.832    
dancetrack0078                     93.038    92.793    93.288    95.434    95.779    95.659    96.101    94.199    94.325    99.438    93.603    93.077    
dancetrack0084                     85.618    86.192    85.062    90.814    91.422    89.642    90.89     91.674    87.853    96.055    90.273    86.711    
dancetrack0085                     37.741    64.303    22.252    70.281    81.816    29.726    45.659    86.197    39.54     46.795    81.433    38.106    
dancetrack0088                     53.715    68.503    42.153    77.278    82.825    53.758    59.615    89.947    57.063    66.987    84.467    56.581    
dancetrack0089                     55.693    73.638    42.285    83.859    83.261    53.711    59.502    90.995    59.536    63.078    88.081    55.56     
dancetrack0091                     68.712    73.814    63.969    82.649    85.679    73.949    76.265    92.202    72.68     85.546    85.767    73.37     
dancetrack0092                     70.654    85.242    58.59     92.081    90.368    67.573    70.55     93.211    73.444    77.617    91.736    71.203    
dancetrack0093                     51.241    62.986    41.824    72.07     79.818    53.56     54.849    88.815    54.892    62.927    83.023    52.244    
dancetrack0095                     58.055    60.579    55.909    64.573    85.657    64.248    67.542    88.233    60.06     67.111    84.766    56.887    
dancetrack0100                     63.253    76.415    52.456    81.516    87.982    59.656    71.267    89.401    65.385    73.425    86.813    63.742    
COMBINED                           67.276    78.613    57.75     85.308    87.977    64.788    72.605    90.939    70.184    76.36     88.198    67.348    

CLEAR: res-pedestrian              MOTA      MOTP      MODA      CLR_Re    CLR_Pr    MTR       PTR       MLR       sMOTA     CLR_TP    CLR_FN    CLR_FP    IDSW      MT        PT        ML        Frag      
dancetrack0003                     93.194    90.11     93.46     94.236    99.183    91.667    8.3333    0         83.874    12753     780       105       36        11        1         0         135       
dancetrack0009                     93.657    88.276    94.446    96.109    98.299    100       0         0         82.389    9015      365       156       74        8         0         0         138       
dancetrack0011                     97.07     92.073    97.264    98.699    98.567    100       0         0         89.246    6602      87        96        13        6         0         0         37        
dancetrack0013                     92.92     93.507    93.246    98.766    94.707    100       0         0         86.508    4241      53        237       14        4         0         0         44        
dancetrack0017                     97.699    93.027    97.79     98.614    99.171    100       0         0         90.823    10888     153       91        10        7         0         0         71        
dancetrack0021                     96.826    92.135    97.223    99.134    98.108    100       0         0         89.029    8245      72        159       33        7         0         0         51        
dancetrack0022                     80.74     90.339    82.103    99.193    85.303    100       0         0         71.157    5897      48        1016      81        5         0         0         37        
dancetrack0028                     91.324    86.438    92.449    94.827    97.554    100       0         0         78.464    10449     570       262       124       9         0         0         185       
dancetrack0031                     90.504    91.136    90.952    93.679    97.171    88.889    11.111    0         82.2      9204      621       268       44        8         1         0         137       
dancetrack0036                     89.981    88.895    91.043    97.755    93.575    100       0         0         79.126    8840      203       607       96        8         0         0         131       
dancetrack0038                     98.659    95.636    98.762    99.312    99.449    100       0         0         94.325    5778      40        32        6         5         0         0         22        
dancetrack0040                     99.749    94.163    99.766    99.948    99.818    100       0         0         93.915    11541     6         21        2         9         0         0         5         
dancetrack0042                     76.144    80.966    77.479    83.689    93.093    66.667    33.333    0         60.215    5890      1148      437       94        6         3         0         194       
dancetrack0046                     71.236    82.368    73.02     77.899    94.106    47.059    52.941    0         57.501    12661     3592      793       290       8         9         0         992       
dancetrack0048                     93.509    89.515    93.744    98.639    95.272    100       0         0         83.166    7537      104       374       18        7         0         0         56        
dancetrack0050                     86.346    85.283    86.882    89.188    97.48     66.667    33.333    0         73.221    9478      1149      245       57        6         3         0         395       
dancetrack0054                     97.888    94.578    97.936    99.217    98.725    100       0         0         92.509    4182      33        54        2         5         0         0         7         
dancetrack0056                     93.034    92.3      93.384    99.633    94.098    100       0         0         85.362    5979      22        375       21        5         0         0         17        
dancetrack0059                     95.633    91.291    95.854    99.003    96.918    100       0         0         87.011    6257      63        199       14        6         0         0         34        
dancetrack0060                     94.473    93.726    94.603    99.309    95.475    100       0         0         88.243    4600      32        218       6         4         0         0         16        
dancetrack0064                     98.92     91.623    99.08     99.693    99.388    100       0         0         90.568    7475      23        46        12        5         0         0         18        
dancetrack0067                     98.637    92.863    98.783    99.53     99.256    100       0         0         91.534    6135      29        46        9         6         0         0         16        
dancetrack0070                     94.895    91.616    95.278    97.099    98.159    100       0         0         86.754    11145     333       209       44        9         0         0         87        
dancetrack0071                     96.418    95.234    96.849    98.109    98.732    100       0         0         91.742    2958      57        38        13        5         0         0         20        
dancetrack0076                     83.658    86.671    84.382    94.534    90.302    100       0         0         71.057    6658      385       715       51        6         0         0         101       
dancetrack0078                     98.559    93.068    98.753    99.196    99.555    100       0         0         91.683    7160      58        32        14        6         0         0         17        
dancetrack0084                     96.048    90.63     96.322    97.829    98.483    100       0         0         86.881    16039     356       247       45        14        0         0         148       
dancetrack0085                     75.504    84.163    77.165    81.533    94.915    53.333    46.667    0         62.591    13197     2989      707       269       8         7         0         852       
dancetrack0088                     78.211    89.505    79.808    86.556    92.768    61.538    38.462    0         69.127    5041      783       393       93        8         5         0         189       
dancetrack0089                     80.472    89.875    81.669    91.193    90.543    84.615    15.385    0         71.239    6099      589       637       80        11        2         0         172       
dancetrack0091                     91.958    92.208    92.626    94.545    98.011    100       0         0         84.591    4385      253       89        31        4         0         0         65        
dancetrack0092                     93.094    92.275    93.451    97.673    95.856    100       0         0         85.548    7934      189       343       29        7         0         0         81        
dancetrack0093                     69.84     88.314    71.606    80.949    89.652    64.286    35.714    0         60.38     6004      1413      693       131       9         5         0         385       
dancetrack0095                     68.921    86.552    70.477    72.931    96.744    41.667    50        8.3333    59.113    5111      1897      172       109       10        12        2         312       
dancetrack0100                     86.907    87.348    87.701    90.176    97.329    83.333    16.667    0         75.498    4773      520       131       42        5         1         0         75        
COMBINED                           89.188    89.819    89.882    93.424    96.347    82.886    16.443    0.67114   79.676    270151    19015     10243     2007      247       49        2         5242      

Identity: res-pedestrian           IDF1      IDR       IDP       IDTP      IDFN      IDFP      
dancetrack0003                     75.548    73.664    77.531    9969      3564      2889      
dancetrack0009                     49.27     48.721    49.831    4570      4810      4601      
dancetrack0011                     80.197    80.251    80.143    5368      1321      1330      
dancetrack0013                     65.663    67.07     64.314    2880      1414      1598      
dancetrack0017                     80.454    80.228    80.681    8858      2183      2121      
dancetrack0021                     66.168    66.514    65.826    5532      2785      2872      
dancetrack0022                     50.521    54.634    46.984    3248      2697      3665      
dancetrack0028                     43.461    42.853    44.086    4722      6297      5989      
dancetrack0031                     79.598    78.168    81.081    7680      2145      1792      
dancetrack0036                     62.639    64.038    61.3      5791      3252      3656      
dancetrack0038                     95.356    95.29     95.422    5544      274       266       
dancetrack0040                     99.875    99.939    99.81     11540     7         22        
dancetrack0042                     46.51     44.16     49.123    3108      3930      3219      
dancetrack0046                     52.876    48.323    58.377    7854      8399      5600      
dancetrack0048                     86.574    88.104    85.097    6732      909       1179      
dancetrack0050                     54.88     52.545    57.431    5584      5043      4139      
dancetrack0054                     92.249    92.479    92.021    3898      317       338       
dancetrack0056                     78.867    81.186    76.676    4872      1129      1482      
dancetrack0059                     93.175    94.177    92.193    5952      368       504       
dancetrack0060                     87.323    89.076    85.637    4126      506       692       
dancetrack0064                     79.965    80.088    79.843    6005      1493      1516      
dancetrack0067                     92.556    92.683    92.428    5713      451       468       
dancetrack0070                     74.588    74.185    74.996    8515      2963      2839      
dancetrack0071                     93.495    93.201    93.792    2810      205       186       
dancetrack0076                     70.089    71.731    68.52     5052      1991      2321      
dancetrack0078                     99.611    99.432    99.791    7177      41        15        
dancetrack0084                     96.796    96.475    97.12     15817     578       469       
dancetrack0085                     40.95     38.064    44.311    6161      10025     7743      
dancetrack0088                     60.863    58.826    63.047    3426      2398      2008      
dancetrack0089                     63.826    64.055    63.599    4284      2404      2452      
dancetrack0091                     79.939    78.525    81.404    3642      996       832       
dancetrack0092                     76.439    77.164    75.728    6268      1855      2009      
dancetrack0093                     59.969    57.058    63.192    4232      3185      2465      
dancetrack0095                     66.39     58.219    77.229    4080      2928      1203      
dancetrack0100                     75.787    73.002    78.793    3864      1429      1040      
COMBINED                           71.941    70.85     73.066    204874    84292     75520     

Count: res-pedestrian              Dets      GT_Dets   IDs       GT_IDs    
dancetrack0003                     12858     13533     24        12        
dancetrack0009                     9171      9380      18        8         
dancetrack0011                     6698      6689      11        6         
dancetrack0013                     4478      4294      9         4         
dancetrack0017                     10979     11041     12        7         
dancetrack0021                     8404      8317      14        7         
dancetrack0022                     6913      5945      23        5         
dancetrack0028                     10711     11019     14        9         
dancetrack0031                     9472      9825      14        9         
dancetrack0036                     9447      9043      19        8         
dancetrack0038                     5810      5818      7         5         
dancetrack0040                     11562     11547     15        9         
dancetrack0042                     6327      7038      25        9         
dancetrack0046                     13454     16253     31        17        
dancetrack0048                     7911      7641      14        7         
dancetrack0050                     9723      10627     18        9         
dancetrack0054                     4236      4215      9         5         
dancetrack0056                     6354      6001      18        5         
dancetrack0059                     6456      6320      14        6         
dancetrack0060                     4818      4632      11        4         
dancetrack0064                     7521      7498      11        5         
dancetrack0067                     6181      6164      13        6         
dancetrack0070                     11354     11478     15        9         
dancetrack0071                     2996      3015      7         5         
dancetrack0076                     7373      7043      26        6         
dancetrack0078                     7192      7218      9         6         
dancetrack0084                     16286     16395     18        14        
dancetrack0085                     13904     16186     33        15        
dancetrack0088                     5434      5824      22        13        
dancetrack0089                     6736      6688      20        13        
dancetrack0091                     4474      4638      8         4         
dancetrack0092                     8277      8123      18        7         
dancetrack0093                     6697      7417      19        14        
dancetrack0095                     5283      7008      20        24        
dancetrack0100                     4904      5293      14        6         
COMBINED                           280394    289166    573       298       
